# MQTT, username and password are in .env!
host: homeassistant.local
port: 1883

latitude: 42.46903090913205
longitude: -71.35063628495487
timezone: America/New_York

panels:
  - tilt: 45
    azimuth: 180
    area: 1.9981
    efficiency: 0.22       
  - tilt: 45
    azimuth: 180
    area: 1.9981
    efficiency: 0.22
  - tilt: 45
    azimuth: 180
    area: 1.9981
    efficiency: 0.22
  - tilt: 45
    azimuth: 180
    area: 1.9981
    efficiency: 0.22        